i,A_i,conservation,-,A,C,D,E,F,G,H,I,K,L,M,N,P,Q,R,S,T,V,W,Y
1,M,0.987,0.994,0.000,0.000,0.000,0.000,0.000,0.000,0.000,0.000,0.000,0.000,0.006,0.000,0.000,0.000,0.000,0.000,0.000,0.000,0.000,0.000
2,Q,0.948,0.969,0.000,0.000,0.000,0.000,0.000,0.000,0.000,0.000,0.001,0.000,0.000,0.000,0.000,0.004,0.000,0.000,0.026,0.000,0.000,0.000
3,Y,0.936,0.958,0.000,0.000,0.000,0.000,0.008,0.000,0.000,0.000,0.000,0.000,0.000,0.000,0.000,0.000,0.000,0.000,0.000,0.000,0.000,0.034
4,K,0.927,0.953,0.001,0.000,0.000,0.000,0.000,0.000,0.001,0.000,0.039,0.000,0.000,0.000,0.000,0.000,0.003,0.000,0.001,0.000,0.000,0.001
5,L,0.914,0.939,0.000,0.000,0.000,0.000,0.001,0.000,0.000,0.001,0.000,0.054,0.001,0.000,0.000,0.000,0.000,0.000,0.000,0.003,0.000,0.001
6,I,0.888,0.930,0.002,0.000,0.000,0.000,0.000,0.000,0.001,0.025,0.000,0.001,0.000,0.000,0.000,0.000,0.000,0.001,0.004,0.036,0.000,0.000
7,L,0.860,0.924,0.003,0.000,0.000,0.006,0.000,0.000,0.000,0.017,0.001,0.016,0.000,0.000,0.005,0.006,0.015,0.000,0.000,0.004,0.000,0.002
8,N,0.837,0.891,0.059,0.000,0.001,0.001,0.000,0.000,0.000,0.000,0.011,0.000,0.000,0.026,0.000,0.000,0.002,0.006,0.001,0.002,0.000,0.000
9,G,0.752,0.757,0.182,0.000,0.000,0.002,0.000,0.046,0.001,0.001,0.004,0.002,0.000,0.000,0.000,0.000,0.001,0.001,0.002,0.001,0.000,0.000
10,K,0.643,0.685,0.035,0.000,0.012,0.078,0.000,0.000,0.000,0.000,0.028,0.000,0.000,0.003,0.000,0.150,0.002,0.001,0.003,0.002,0.000,0.000
11,T,0.687,0.662,0.000,0.000,0.001,0.004,0.000,0.004,0.000,0.003,0.010,0.000,0.000,0.001,0.001,0.007,0.000,0.001,0.038,0.005,0.000,0.261
12,L,0.617,0.658,0.011,0.000,0.006,0.003,0.010,0.001,0.000,0.015,0.003,0.097,0.003,0.001,0.000,0.007,0.000,0.002,0.013,0.171,0.000,0.000
13,K,0.670,0.646,0.006,0.000,0.001,0.002,0.000,0.000,0.000,0.000,0.033,0.000,0.000,0.011,0.008,0.000,0.269,0.016,0.005,0.002,0.000,0.000
14,G,0.619,0.540,0.004,0.000,0.003,0.007,0.002,0.036,0.000,0.004,0.002,0.000,0.326,0.000,0.001,0.002,0.001,0.001,0.001,0.072,0.000,0.000
15,E,0.588,0.511,0.005,0.000,0.001,0.061,0.000,0.000,0.000,0.002,0.049,0.000,0.000,0.000,0.001,0.008,0.005,0.334,0.009,0.012,0.000,0.000
16,T,0.546,0.373,0.002,0.000,0.001,0.025,0.001,0.000,0.000,0.016,0.173,0.002,0.001,0.001,0.013,0.006,0.003,0.003,0.378,0.002,0.000,0.000
17,T,0.447,0.320,0.012,0.000,0.176,0.187,0.000,0.004,0.001,0.001,0.019,0.002,0.000,0.008,0.019,0.003,0.001,0.006,0.240,0.001,0.000,0.000
18,T,0.387,0.272,0.003,0.002,0.000,0.000,0.011,0.000,0.277,0.011,0.005,0.028,0.022,0.007,0.044,0.004,0.013,0.002,0.039,0.022,0.000,0.238
19,E,0.421,0.240,0.006,0.000,0.015,0.070,0.001,0.000,0.001,0.002,0.080,0.003,0.003,0.007,0.000,0.362,0.006,0.011,0.169,0.024,0.000,0.000
20,A,0.315,0.073,0.045,0.000,0.011,0.022,0.056,0.001,0.001,0.006,0.070,0.001,0.000,0.005,0.001,0.159,0.060,0.004,0.014,0.002,0.337,0.132
21,V,0.343,0.013,0.131,0.001,0.004,0.020,0.018,0.013,0.005,0.002,0.043,0.008,0.000,0.222,0.005,0.003,0.012,0.152,0.008,0.035,0.000,0.307
22,D,0.556,0.002,0.007,0.000,0.073,0.002,0.000,0.001,0.000,0.000,0.000,0.009,0.000,0.179,0.001,0.000,0.001,0.409,0.317,0.000,0.000,0.000
23,A,0.390,0.000,0.041,0.000,0.000,0.002,0.024,0.000,0.005,0.053,0.397,0.077,0.001,0.006,0.040,0.008,0.119,0.001,0.209,0.013,0.000,0.003
24,A,0.500,0.001,0.050,0.000,0.066,0.629,0.006,0.003,0.037,0.007,0.038,0.045,0.011,0.003,0.000,0.064,0.016,0.010,0.004,0.008,0.000,0.001
25,T,0.550,0.000,0.010,0.000,0.011,0.483,0.013,0.002,0.003,0.004,0.113,0.001,0.000,0.314,0.006,0.004,0.000,0.002,0.029,0.004,0.000,0.000
26,A,0.741,0.000,0.641,0.000,0.000,0.001,0.001,0.019,0.000,0.000,0.001,0.001,0.000,0.001,0.000,0.331,0.003,0.001,0.000,0.001,0.000,0.000
27,E,0.411,0.000,0.098,0.003,0.002,0.158,0.008,0.007,0.004,0.029,0.470,0.044,0.013,0.001,0.000,0.006,0.054,0.082,0.010,0.011,0.000,0.000
28,K,0.365,0.000,0.133,0.001,0.171,0.106,0.000,0.007,0.004,0.006,0.061,0.014,0.004,0.078,0.001,0.367,0.011,0.020,0.010,0.006,0.000,0.000
29,V,0.613,0.000,0.725,0.001,0.000,0.008,0.027,0.001,0.003,0.014,0.034,0.005,0.003,0.000,0.000,0.001,0.027,0.003,0.025,0.068,0.000,0.055
30,F,0.751,0.000,0.000,0.000,0.000,0.000,0.655,0.000,0.000,0.317,0.000,0.023,0.001,0.001,0.000,0.000,0.000,0.000,0.000,0.001,0.000,0.002
31,K,0.482,0.000,0.076,0.000,0.002,0.017,0.009,0.005,0.011,0.018,0.572,0.020,0.038,0.006,0.000,0.017,0.164,0.014,0.017,0.013,0.000,0.000
32,Q,0.370,0.000,0.113,0.001,0.082,0.451,0.001,0.009,0.024,0.005,0.113,0.013,0.002,0.016,0.000,0.066,0.023,0.052,0.015,0.012,0.000,0.003
33,Y,0.681,0.000,0.002,0.000,0.000,0.000,0.035,0.000,0.002,0.001,0.000,0.578,0.025,0.000,0.000,0.000,0.000,0.000,0.000,0.007,0.001,0.349
34,A,0.751,0.000,0.372,0.000,0.000,0.000,0.009,0.000,0.000,0.001,0.000,0.612,0.001,0.000,0.000,0.000,0.000,0.002,0.000,0.002,0.000,0.000
35,N,0.374,0.000,0.098,0.000,0.030,0.208,0.000,0.004,0.008,0.003,0.322,0.008,0.003,0.048,0.000,0.019,0.200,0.018,0.022,0.008,0.000,0.000
36,D,0.340,0.000,0.073,0.000,0.191,0.292,0.003,0.001,0.004,0.009,0.080,0.010,0.002,0.004,0.000,0.028,0.142,0.133,0.019,0.008,0.000,0.000
37,N,0.366,0.000,0.089,0.003,0.000,0.005,0.002,0.001,0.131,0.003,0.373,0.003,0.020,0.106,0.000,0.007,0.161,0.048,0.011,0.031,0.000,0.005
38,G,0.450,0.000,0.117,0.001,0.039,0.012,0.000,0.376,0.009,0.000,0.019,0.000,0.000,0.242,0.000,0.006,0.161,0.014,0.002,0.000,0.000,0.000
39,V,0.584,0.000,0.002,0.002,0.000,0.000,0.050,0.001,0.000,0.107,0.000,0.097,0.080,0.000,0.000,0.000,0.000,0.000,0.001,0.625,0.000,0.036
40,D,0.318,0.000,0.022,0.000,0.108,0.211,0.000,0.045,0.008,0.003,0.019,0.004,0.002,0.016,0.312,0.116,0.021,0.060,0.039,0.011,0.000,0.001
41,G,0.530,0.001,0.035,0.005,0.001,0.004,0.001,0.040,0.001,0.300,0.000,0.012,0.001,0.000,0.074,0.001,0.000,0.485,0.004,0.034,0.000,0.001
42,E,0.424,0.009,0.031,0.000,0.186,0.044,0.000,0.006,0.003,0.036,0.002,0.020,0.000,0.376,0.000,0.002,0.000,0.013,0.032,0.241,0.000,0.000
43,W,0.388,0.009,0.365,0.010,0.002,0.014,0.003,0.002,0.021,0.003,0.047,0.002,0.003,0.001,0.000,0.015,0.164,0.038,0.009,0.008,0.249,0.035
44,T,0.627,0.009,0.010,0.000,0.005,0.004,0.000,0.000,0.001,0.020,0.003,0.001,0.000,0.012,0.000,0.001,0.001,0.422,0.483,0.027,0.000,0.000
45,Y,0.727,0.009,0.000,0.000,0.000,0.000,0.031,0.000,0.000,0.000,0.000,0.000,0.000,0.000,0.000,0.000,0.000,0.000,0.000,0.000,0.603,0.356
46,D,0.538,0.012,0.128,0.001,0.186,0.570,0.000,0.000,0.001,0.004,0.010,0.003,0.001,0.006,0.000,0.010,0.020,0.016,0.025,0.007,0.000,0.000
47,D,0.638,0.015,0.010,0.000,0.369,0.013,0.000,0.000,0.002,0.002,0.007,0.003,0.002,0.001,0.002,0.544,0.024,0.003,0.004,0.001,0.000,0.000
48,A,0.570,0.024,0.632,0.001,0.023,0.139,0.000,0.002,0.004,0.001,0.001,0.002,0.000,0.001,0.009,0.004,0.001,0.040,0.101,0.015,0.000,0.000
49,T,0.572,0.033,0.005,0.000,0.001,0.007,0.000,0.319,0.000,0.023,0.000,0.024,0.522,0.001,0.000,0.001,0.000,0.003,0.040,0.022,0.000,0.000
50,K,0.722,0.060,0.000,0.000,0.000,0.002,0.000,0.000,0.002,0.000,0.666,0.000,0.000,0.000,0.000,0.002,0.265,0.001,0.000,0.000,0.000,0.000
51,T,0.918,0.940,0.000,0.000,0.000,0.000,0.000,0.000,0.000,0.000,0.001,0.000,0.000,0.000,0.000,0.000,0.000,0.000,0.056,0.000,0.000,0.000
52,F,0.937,0.954,0.000,0.000,0.000,0.000,0.044,0.000,0.001,0.000,0.000,0.000,0.000,0.000,0.000,0.000,0.000,0.000,0.000,0.000,0.000,0.000
53,T,0.930,0.955,0.000,0.000,0.000,0.000,0.000,0.000,0.000,0.004,0.000,0.000,0.000,0.000,0.000,0.000,0.000,0.000,0.036,0.004,0.000,0.000
54,V,0.936,0.960,0.002,0.000,0.000,0.000,0.001,0.001,0.000,0.000,0.000,0.000,0.000,0.000,0.000,0.000,0.000,0.000,0.000,0.035,0.000,0.002
55,T,0.937,0.960,0.001,0.000,0.000,0.000,0.000,0.000,0.000,0.001,0.002,0.000,0.000,0.000,0.000,0.000,0.001,0.001,0.034,0.000,0.000,0.000
56,E,0.947,0.963,0.000,0.000,0.000,0.037,0.000,0.000,0.000,0.000,0.000,0.000,0.000,0.000,0.000,0.000,0.000,0.000,0.000,0.000,0.000,0.000
