i,A_i,conservation,-,A,C,D,E,F,G,H,I,K,L,M,N,P,Q,R,S,T,V,W,Y
1,M,0.884,0.887,0.000,0.000,0.000,0.000,0.000,0.000,0.000,0.000,0.000,0.000,0.113,0.000,0.000,0.000,0.000,0.000,0.000,0.000,0.000,0.000
2,Q,0.679,0.389,0.000,0.000,0.000,0.003,0.000,0.000,0.000,0.000,0.010,0.000,0.000,0.000,0.000,0.074,0.000,0.000,0.522,0.000,0.000,0.003
3,Y,0.717,0.166,0.000,0.000,0.000,0.000,0.164,0.000,0.000,0.000,0.000,0.000,0.000,0.000,0.000,0.000,0.000,0.000,0.000,0.000,0.000,0.670
4,K,0.658,0.159,0.010,0.000,0.000,0.005,0.000,0.000,0.023,0.000,0.708,0.003,0.000,0.008,0.000,0.000,0.049,0.000,0.015,0.000,0.000,0.020
5,L,0.754,0.141,0.003,0.000,0.000,0.000,0.026,0.000,0.000,0.010,0.000,0.790,0.003,0.000,0.000,0.000,0.000,0.000,0.000,0.008,0.000,0.020
6,I,0.589,0.138,0.023,0.000,0.000,0.000,0.003,0.008,0.003,0.335,0.000,0.000,0.003,0.000,0.000,0.000,0.000,0.000,0.023,0.465,0.000,0.000
7,L,0.442,0.138,0.000,0.000,0.000,0.125,0.000,0.000,0.000,0.325,0.003,0.266,0.000,0.005,0.003,0.033,0.000,0.003,0.000,0.090,0.000,0.010
8,N,0.516,0.130,0.000,0.003,0.018,0.005,0.000,0.008,0.003,0.000,0.220,0.000,0.000,0.483,0.000,0.003,0.018,0.102,0.000,0.008,0.000,0.000
9,G,0.719,0.100,0.000,0.000,0.000,0.000,0.000,0.775,0.000,0.005,0.049,0.026,0.000,0.000,0.000,0.000,0.003,0.003,0.041,0.000,0.000,0.000
10,K,0.475,0.095,0.100,0.000,0.003,0.125,0.000,0.003,0.000,0.000,0.517,0.000,0.000,0.064,0.003,0.026,0.018,0.003,0.000,0.046,0.000,0.000
11,T,0.530,0.090,0.003,0.000,0.013,0.010,0.000,0.082,0.000,0.049,0.000,0.000,0.000,0.013,0.000,0.020,0.000,0.020,0.604,0.097,0.000,0.000
12,L,0.429,0.087,0.028,0.000,0.015,0.008,0.187,0.028,0.005,0.000,0.023,0.437,0.000,0.015,0.000,0.013,0.003,0.003,0.148,0.000,0.000,0.000
13,K,0.573,0.084,0.000,0.000,0.000,0.000,0.003,0.000,0.000,0.000,0.565,0.000,0.000,0.046,0.000,0.003,0.008,0.223,0.051,0.018,0.000,0.000
14,G,0.618,0.082,0.015,0.000,0.003,0.023,0.005,0.657,0.000,0.051,0.000,0.003,0.000,0.000,0.000,0.000,0.000,0.000,0.003,0.156,0.000,0.003
15,E,0.503,0.064,0.031,0.003,0.000,0.581,0.000,0.000,0.000,0.031,0.005,0.003,0.000,0.000,0.000,0.023,0.041,0.013,0.066,0.136,0.000,0.005
16,T,0.610,0.061,0.020,0.000,0.000,0.000,0.005,0.000,0.000,0.161,0.003,0.008,0.000,0.000,0.000,0.041,0.003,0.008,0.665,0.020,0.000,0.005
17,T,0.617,0.043,0.105,0.000,0.059,0.010,0.000,0.000,0.000,0.026,0.008,0.003,0.000,0.005,0.000,0.003,0.000,0.038,0.698,0.003,0.000,0.000
18,T,0.554,0.023,0.005,0.010,0.000,0.000,0.036,0.000,0.013,0.018,0.033,0.008,0.000,0.000,0.000,0.000,0.010,0.005,0.624,0.038,0.000,0.176
19,E,0.528,0.018,0.049,0.003,0.008,0.335,0.000,0.000,0.000,0.003,0.453,0.000,0.000,0.003,0.000,0.013,0.084,0.013,0.005,0.015,0.000,0.000
20,A,0.724,0.013,0.765,0.000,0.161,0.003,0.000,0.010,0.000,0.000,0.003,0.015,0.000,0.005,0.005,0.000,0.000,0.005,0.015,0.000,0.000,0.000
21,V,0.555,0.013,0.020,0.000,0.000,0.010,0.000,0.015,0.003,0.028,0.023,0.015,0.000,0.000,0.010,0.000,0.146,0.038,0.031,0.647,0.000,0.000
22,D,0.627,0.008,0.000,0.000,0.647,0.003,0.000,0.013,0.003,0.005,0.000,0.146,0.000,0.033,0.000,0.000,0.000,0.136,0.008,0.000,0.000,0.000
23,A,0.581,0.005,0.645,0.000,0.000,0.018,0.000,0.000,0.005,0.008,0.049,0.005,0.005,0.000,0.049,0.013,0.003,0.003,0.169,0.026,0.000,0.000
24,A,0.516,0.008,0.468,0.003,0.038,0.258,0.003,0.026,0.000,0.000,0.005,0.000,0.000,0.000,0.000,0.010,0.156,0.010,0.000,0.013,0.000,0.003
25,T,0.499,0.000,0.046,0.000,0.015,0.092,0.148,0.000,0.008,0.028,0.015,0.005,0.000,0.003,0.000,0.018,0.003,0.000,0.563,0.056,0.000,0.000
26,A,0.845,0.000,0.844,0.000,0.000,0.000,0.003,0.148,0.000,0.000,0.000,0.000,0.000,0.003,0.000,0.000,0.000,0.003,0.000,0.000,0.000,0.000
27,E,0.690,0.000,0.015,0.000,0.000,0.752,0.148,0.015,0.008,0.000,0.013,0.015,0.003,0.003,0.000,0.013,0.010,0.000,0.005,0.000,0.000,0.000
28,K,0.592,0.000,0.010,0.003,0.005,0.049,0.000,0.005,0.008,0.000,0.675,0.000,0.041,0.026,0.000,0.133,0.033,0.000,0.005,0.003,0.000,0.005
29,V,0.390,0.000,0.187,0.000,0.000,0.056,0.013,0.000,0.049,0.015,0.005,0.026,0.003,0.000,0.000,0.005,0.000,0.003,0.100,0.284,0.000,0.256
30,F,0.826,0.000,0.000,0.000,0.000,0.000,0.831,0.000,0.000,0.008,0.000,0.151,0.000,0.000,0.000,0.000,0.000,0.000,0.000,0.005,0.000,0.005
31,K,0.534,0.000,0.000,0.000,0.003,0.156,0.015,0.000,0.003,0.003,0.550,0.023,0.005,0.008,0.000,0.023,0.182,0.003,0.015,0.010,0.000,0.003
32,Q,0.571,0.003,0.033,0.000,0.079,0.061,0.000,0.005,0.010,0.000,0.005,0.028,0.005,0.079,0.000,0.670,0.005,0.005,0.000,0.003,0.000,0.008
33,Y,0.768,0.000,0.000,0.000,0.000,0.000,0.056,0.000,0.005,0.018,0.000,0.005,0.069,0.000,0.000,0.000,0.000,0.003,0.000,0.000,0.015,0.829
34,A,0.710,0.000,0.724,0.000,0.000,0.000,0.156,0.000,0.000,0.005,0.000,0.082,0.005,0.000,0.000,0.000,0.000,0.000,0.000,0.028,0.000,0.000
35,N,0.622,0.008,0.013,0.000,0.000,0.023,0.000,0.000,0.003,0.013,0.066,0.000,0.000,0.716,0.000,0.013,0.008,0.038,0.092,0.003,0.000,0.005
36,D,0.516,0.000,0.084,0.000,0.494,0.138,0.000,0.003,0.005,0.000,0.072,0.003,0.000,0.003,0.000,0.008,0.003,0.187,0.000,0.003,0.000,0.000
37,N,0.638,0.000,0.010,0.003,0.003,0.005,0.000,0.010,0.156,0.000,0.026,0.008,0.000,0.706,0.000,0.028,0.003,0.031,0.000,0.000,0.003,0.010
38,G,0.765,0.000,0.010,0.000,0.026,0.018,0.003,0.852,0.000,0.000,0.013,0.000,0.000,0.041,0.000,0.010,0.000,0.008,0.020,0.000,0.000,0.000
39,V,0.771,0.000,0.003,0.000,0.000,0.000,0.003,0.000,0.000,0.079,0.000,0.105,0.008,0.000,0.000,0.000,0.000,0.003,0.000,0.801,0.000,0.000
40,D,0.670,0.005,0.000,0.000,0.714,0.159,0.000,0.003,0.005,0.000,0.000,0.000,0.000,0.026,0.000,0.003,0.015,0.003,0.061,0.005,0.000,0.003
41,G,0.570,0.003,0.064,0.000,0.005,0.000,0.013,0.634,0.000,0.130,0.000,0.061,0.000,0.003,0.000,0.000,0.000,0.059,0.013,0.013,0.000,0.003
42,E,0.604,0.003,0.000,0.000,0.049,0.596,0.000,0.000,0.036,0.000,0.003,0.000,0.000,0.015,0.000,0.000,0.000,0.003,0.069,0.228,0.000,0.000
43,W,0.762,0.003,0.008,0.000,0.000,0.000,0.041,0.000,0.000,0.003,0.000,0.003,0.000,0.000,0.000,0.000,0.000,0.000,0.003,0.128,0.801,0.013
44,T,0.540,0.003,0.146,0.003,0.000,0.000,0.003,0.000,0.013,0.118,0.005,0.005,0.000,0.000,0.000,0.000,0.000,0.176,0.514,0.015,0.000,0.000
45,Y,0.807,0.003,0.000,0.000,0.000,0.000,0.207,0.000,0.003,0.000,0.000,0.008,0.000,0.000,0.000,0.000,0.000,0.000,0.000,0.000,0.000,0.780
46,D,0.798,0.010,0.003,0.000,0.867,0.036,0.000,0.010,0.000,0.000,0.026,0.000,0.000,0.041,0.000,0.008,0.000,0.000,0.000,0.000,0.000,0.000
47,D,0.571,0.010,0.130,0.000,0.637,0.082,0.003,0.000,0.000,0.000,0.064,0.000,0.000,0.008,0.018,0.000,0.026,0.013,0.008,0.000,0.000,0.003
48,A,0.650,0.043,0.675,0.000,0.026,0.182,0.000,0.000,0.000,0.005,0.000,0.000,0.000,0.003,0.000,0.000,0.000,0.003,0.010,0.054,0.000,0.000
49,T,0.626,0.054,0.003,0.000,0.013,0.113,0.000,0.003,0.000,0.051,0.003,0.000,0.010,0.020,0.000,0.000,0.000,0.031,0.701,0.000,0.000,0.000
50,K,0.689,0.054,0.000,0.000,0.000,0.010,0.000,0.010,0.033,0.000,0.783,0.005,0.005,0.003,0.000,0.031,0.056,0.008,0.000,0.000,0.000,0.003
51,T,0.874,0.054,0.003,0.000,0.000,0.003,0.000,0.000,0.000,0.003,0.005,0.000,0.000,0.000,0.000,0.000,0.000,0.005,0.918,0.010,0.000,0.000
52,F,0.838,0.171,0.000,0.000,0.000,0.000,0.824,0.000,0.000,0.000,0.000,0.000,0.000,0.000,0.000,0.000,0.000,0.000,0.000,0.000,0.003,0.003
53,T,0.722,0.174,0.000,0.000,0.000,0.000,0.000,0.000,0.000,0.023,0.000,0.000,0.005,0.000,0.000,0.000,0.000,0.000,0.724,0.074,0.000,0.000
54,V,0.722,0.261,0.049,0.000,0.000,0.000,0.000,0.013,0.000,0.005,0.000,0.000,0.000,0.000,0.000,0.000,0.000,0.000,0.000,0.673,0.000,0.000
55,T,0.708,0.269,0.010,0.000,0.000,0.000,0.000,0.000,0.003,0.015,0.000,0.000,0.000,0.000,0.000,0.003,0.020,0.010,0.670,0.000,0.000,0.000
56,E,0.780,0.274,0.000,0.000,0.018,0.708,0.000,0.000,0.000,0.000,0.000,0.000,0.000,0.000,0.000,0.000,0.000,0.000,0.000,0.000,0.000,0.000
